liczba Wierzcholkow = 15;
start = 4;
koniec = 14;

graf:
9 7 8 8 8 8 0 0 4 5 9 2 9 2 1
6 1 8 7 2 5 0 0 5 5 3 4 5 9 8
7 2 3 2 2 2 4 4 6 1 6 7 7 1 1
8 6 7 4 5 9 5 9 9 8 7 2 9 7 2
6 2 7 7 7 7 3 0 5 0 1 6 0 7 9
3 7 0 8 2 5 4 4 6 3 0 1 2 8 7
7 6 7 3 7 2 4 8 9 3 9 3 6 4 3
8 5 0 5 5 9 3 3 2 8 1 6 4 0 7
9 3 2 4 5 6 6 9 1 2 0 8 1 0 6
4 8 3 0 0 2 9 8 8 0 2 4 3 8 1
1 6 8 6 9 7 0 4 4 6 1 1 1 8 3
7 6 5 4 7 4 8 9 0 1 6 4 1 5 0
0 6 2 4 7 7 4 6 3 2 5 4 7 0 2
8 9 1 1 6 6 6 6 9 5 3 9 9 0 2
7 8 8 9 0 7 6 6 0 2 4 5 4 0 1
    };
